Valen Xie HW1

Question 1 

v = [1 2 3 4 5]

v =

     1     2     3     4     5

1a)

v1 = 2*v

v1 =

     2     4     6     8    10

1b)

v2 = 1/2*v

v2 =

    0.5000    1.0000    1.5000    2.0000    2.5000

1c)

v3 = 1./v

v3 =

    1.0000    0.5000    0.3333    0.2500    0.2000

1d)

v4 = (1./v).^2

v4 =

    1.0000    0.2500    0.1111    0.0625    0.0400

Question 2

a = [2 -1 5 0];
b = [3 2 -1 4];

2a)
c = b + a - 3

c =

     2    -2     1     1

2b)

c = 2 * a + a .^ b 

c =

   12.0000   -1.0000   10.2000         0

2c)

c = b ./a 

c =

    1.5000   -2.0000   -0.2000       Inf

2d)

c = a .^ b

c =

    8.0000    1.0000    0.2000         0

2e)

c = 2.^b+a

c =

   10.0000    3.0000    5.5000   16.0000

Question 3

z = magic(4); 

3a)

z(:,2)  = z(:,2)./3.5

z =

   16.0000    0.5714    3.0000   13.0000
    5.0000    3.1429   10.0000    8.0000
    9.0000    2.0000    6.0000   12.0000
    4.0000    4.0000   15.0000    1.0000

3b)

z(4,:) = z(4,:)+z(3,:)

z =

   16.0000    0.5714    3.0000   13.0000
    5.0000    3.1429   10.0000    8.0000
    9.0000    2.0000    6.0000   12.0000
   13.0000    6.0000   21.0000   13.0000
 
3c)

z(:,1)  = z(:,1).*z(:,4)

z =

  208.0000    0.5714    3.0000   13.0000
   40.0000    3.1429   10.0000    8.0000
  108.0000    2.0000    6.0000   12.0000
  169.0000    6.0000   21.0000   13.0000

Question 4

A = rand(10)

A =

  列 1 至 9

    0.8147    0.1576    0.6557    0.7060    0.4387    0.2760    0.7513    0.8407    0.3517
    0.9058    0.9706    0.0357    0.0318    0.3816    0.6797    0.2551    0.2543    0.8308
    0.1270    0.9572    0.8491    0.2769    0.7655    0.6551    0.5060    0.8143    0.5853
    0.9134    0.4854    0.9340    0.0462    0.7952    0.1626    0.6991    0.2435    0.5497
    0.6324    0.8003    0.6787    0.0971    0.1869    0.1190    0.8909    0.9293    0.9172
    0.0975    0.1419    0.7577    0.8235    0.4898    0.4984    0.9593    0.3500    0.2858
    0.2785    0.4218    0.7431    0.6948    0.4456    0.9597    0.5472    0.1966    0.7572
    0.5469    0.9157    0.3922    0.3171    0.6463    0.3404    0.1386    0.2511    0.7537
    0.9575    0.7922    0.6555    0.9502    0.7094    0.5853    0.1493    0.6160    0.3804
    0.9649    0.9595    0.1712    0.0344    0.7547    0.2238    0.2575    0.4733    0.5678

  列 10

    0.0759
    0.0540
    0.5308
    0.7792
    0.9340
    0.1299
    0.5688
    0.4694
    0.0119
    0.3371

4a)

A = fix(100.0*A)

A =

    81    15    65    70    43    27    75    84    35     7
    90    97     3     3    38    67    25    25    83     5
    12    95    84    27    76    65    50    81    58    53
    91    48    93     4    79    16    69    24    54    77
    63    80    67     9    18    11    89    92    91    93
     9    14    75    82    48    49    95    34    28    12
    27    42    74    69    44    95    54    19    75    56
    54    91    39    31    64    34    13    25    75    46
    95    79    65    95    70    58    14    61    38     1
    96    95    17     3    75    22    25    47    56    33

4b)

A(find(A<10))=0

A =

    81    15    65    70    43    27    75    84    35     0
    90    97     0     0    38    67    25    25    83     0
    12    95    84    27    76    65    50    81    58    53
    91    48    93     0    79    16    69    24    54    77
    63    80    67     0    18    11    89    92    91    93
     0    14    75    82    48    49    95    34    28    12
    27    42    74    69    44    95    54    19    75    56
    54    91    39    31    64    34    13    25    75    46
    95    79    65    95    70    58    14    61    38     0
    96    95    17     0    75    22    25    47    56    33

4c)

A(find(A>90))=inf

A =

    81    15    65    70    43    27    75    84    35     0
    90   Inf     0     0    38    67    25    25    83     0
    12   Inf    84    27    76    65    50    81    58    53
   Inf    48   Inf     0    79    16    69    24    54    77
    63    80    67     0    18    11    89   Inf   Inf   Inf
     0    14    75    82    48    49   Inf    34    28    12
    27    42    74    69    44   Inf    54    19    75    56
    54   Inf    39    31    64    34    13    25    75    46
   Inf    79    65   Inf    70    58    14    61    38     0
   Inf   Inf    17     0    75    22    25    47    56    33

4d)

b = A((A >= 30 & A <= 60))

b =

    54
    48
    42
    39
    31
    43
    38
    48
    44
    49
    34
    58
    50
    54
    34
    47
    35
    58
    54
    38
    56
    53
    56
    46
    33

Question 5

A = 1:1:56

A =

  列 1 至 16

     1     2     3     4     5     6     7     8     9    10    11    12    13    14    15    16

  列 17 至 32

    17    18    19    20    21    22    23    24    25    26    27    28    29    30    31    32

  列 33 至 48

    33    34    35    36    37    38    39    40    41    42    43    44    45    46    47    48

  列 49 至 56

    49    50    51    52    53    54    55    56

A = reshape(A, 7, 8)

A =

     1     8    15    22    29    36    43    50
     2     9    16    23    30    37    44    51
     3    10    17    24    31    38    45    52
     4    11    18    25    32    39    46    53
     5    12    19    26    33    40    47    54
     6    13    20    27    34    41    48    55
     7    14    21    28    35    42    49    56

A = transpose(A)

A =

     1     2     3     4     5     6     7
     8     9    10    11    12    13    14
    15    16    17    18    19    20    21
    22    23    24    25    26    27    28
    29    30    31    32    33    34    35
    36    37    38    39    40    41    42
    43    44    45    46    47    48    49
    50    51    52    53    54    55    56

Question 6

A = [1 2 3 4; 2 4 6 3; 3 6 4 2; 4 3 2 1]

A =

     1     2     3     4
     2     4     6     3
     3     6     4     2
     4     3     2     1

B = [2 3 3 2; 3 5 5 2; 3 5 5 3; 2 3 3 2]

B =

     2     3     3     2
     3     5     5     2
     3     5     5     3
     2     3     3     2

6a)

A*B - B*A

ans =

     0     0     0    -2
     4     3     2    -3
     0     0     0    -6
     0     0     0    -3

6b)

C = 0.5*(B - 2)^2

C =

    1.0000    3.0000    3.0000    0.5000
    3.0000    9.5000    9.5000    1.5000
    3.0000   10.0000   10.0000    1.5000
    1.0000    3.0000    3.0000    0.5000

6c)

A*B*C - C*B*A

ans =

   22.5000  483.0000  480.0000 -130.5000
 -368.5000  109.0000   99.5000 -630.0000
 -408.5000   39.5000   29.5000 -670.5000
   21.5000  480.0000  477.0000 -131.0000

Question 7

x = randi(10,10,1);
y = randi(10,10,1);

x > 5 | y < 10 & ~(x > 5 & y < 10)

ans =

  10×1 <a href="matlab:helpPopup logical" style="font-weight:bold">logical</a> 数组

   1
   1
   1
   1
   1
   1
   1
   1
   1
   1

Question 8

vec = linspace(-pi,pi,20)

vec =

  列 1 至 9

   -3.1416   -2.8109   -2.4802   -2.1495   -1.8188   -1.4881   -1.1574   -0.8267   -0.4960

  列 10 至 18

   -0.1653    0.1653    0.4960    0.8267    1.1574    1.4881    1.8188    2.1495    2.4802

  列 19 至 20

    2.8109    3.1416

Question 9

sum = sum(1./(1:26));

Question 10

M = randi(99, [3, 5])

M =

    85    51    24    24    90
    62    40    13    42    94
    35     8    19     5    49

10a)

max(M)

ans =

    85    51    24    42    94

10b)

max(M,[],2)

ans =

    90
    94
    49

10c)

max(M,[],'all')

ans =

    94

